#Coverage	Number of genomic locations
0.0	7384.0
1.0	1032.0
2.0	1491.0
3.0	419.0
4.0	787.0
5.0	659.0
6.0	1238.0
7.0	336.0
8.0	1139.0
9.0	326.0
10.0	867.0
11.0	512.0
12.0	1032.0
13.0	275.0
14.0	489.0
15.0	513.0
16.0	1066.0
17.0	302.0
18.0	581.0
19.0	698.0
20.0	902.0
21.0	386.0
22.0	831.0
23.0	354.0
24.0	728.0
25.0	387.0
26.0	1357.0
27.0	657.0
28.0	998.0
29.0	297.0
30.0	1085.0
31.0	479.0
32.0	674.0
33.0	306.0
34.0	661.0
35.0	851.0
36.0	622.0
37.0	363.0
38.0	606.0
39.0	560.0
40.0	398.0
41.0	674.0
42.0	548.0
43.0	162.0
44.0	352.0
45.0	407.0
46.0	1107.0
47.0	351.0
48.0	475.0
49.0	382.0
50.0	353.0
51.0	454.0
52.0	572.0
53.0	492.0
54.0	746.0
55.0	479.0
56.0	417.0
57.0	268.0
58.0	722.0
59.0	473.0
60.0	359.0
61.0	338.0
62.0	406.0
63.0	378.0
64.0	449.0
65.0	247.0
66.0	384.0
67.0	311.0
68.0	331.0
69.0	588.0
70.0	535.0
71.0	426.0
72.0	679.0
73.0	148.0
74.0	513.0
75.0	470.0
76.0	630.0
77.0	348.0
78.0	422.0
79.0	334.0
80.0	479.0
81.0	395.0
82.0	304.0
83.0	386.0
84.0	401.0
85.0	173.0
86.0	537.0
87.0	579.0
88.0	268.0
89.0	356.0
90.0	431.0
91.0	530.0
92.0	551.0
93.0	373.0
94.0	275.0
95.0	318.0
96.0	274.0
97.0	142.0
98.0	280.0
99.0	796.0
100.0	381.0
101.0	439.0
102.0	431.0
103.0	276.0
104.0	318.0
105.0	119.0
106.0	239.0
107.0	130.0
108.0	260.0
109.0	196.0
110.0	386.0
111.0	421.0
112.0	214.0
113.0	405.0
114.0	323.0
115.0	275.0
116.0	331.0
117.0	290.0
118.0	772.0
119.0	578.0
120.0	493.0
121.0	309.0
122.0	368.0
123.0	89.0
124.0	266.0
125.0	328.0
126.0	256.0
127.0	205.0
128.0	267.0
129.0	132.0
130.0	351.0
131.0	302.0
132.0	285.0
133.0	123.0
134.0	167.0
135.0	275.0
136.0	483.0
137.0	169.0
138.0	189.0
139.0	315.0
140.0	126.0
141.0	209.0
142.0	367.0
143.0	108.0
144.0	188.0
145.0	82.0
146.0	122.0
147.0	151.0
148.0	172.0
149.0	110.0
150.0	503.0
151.0	105.0
152.0	68.0
153.0	86.0
154.0	156.0
155.0	289.0
156.0	113.0
157.0	446.0
158.0	160.0
159.0	145.0
160.0	169.0
161.0	232.0
162.0	219.0
163.0	244.0
164.0	194.0
165.0	132.0
166.0	138.0
167.0	122.0
168.0	102.0
169.0	37.0
170.0	126.0
171.0	94.0
172.0	196.0
173.0	204.0
174.0	103.0
175.0	102.0
176.0	194.0
177.0	145.0
178.0	102.0
179.0	113.0
180.0	139.0
181.0	141.0
182.0	270.0
183.0	356.0
184.0	164.0
185.0	52.0
186.0	37.0
187.0	62.0
188.0	50.0
189.0	39.0
190.0	107.0
191.0	134.0
192.0	97.0
193.0	107.0
194.0	32.0
195.0	35.0
196.0	23.0
197.0	89.0
198.0	90.0
199.0	118.0
200.0	246.0
201.0	45.0
202.0	59.0
203.0	62.0
204.0	161.0
205.0	32.0
206.0	52.0
207.0	67.0
208.0	117.0
209.0	79.0
210.0	159.0
211.0	91.0
212.0	54.0
213.0	137.0
214.0	82.0
215.0	108.0
216.0	134.0
217.0	42.0
218.0	31.0
219.0	47.0
220.0	43.0
221.0	151.0
222.0	148.0
223.0	71.0
224.0	78.0
225.0	64.0
226.0	207.0
227.0	189.0
228.0	147.0
229.0	59.0
230.0	57.0
231.0	67.0
232.0	99.0
233.0	109.0
234.0	32.0
235.0	94.0
236.0	45.0
237.0	36.0
238.0	41.0
239.0	79.0
240.0	89.0
241.0	65.0
242.0	34.0
243.0	41.0
244.0	51.0
245.0	51.0
246.0	54.0
247.0	104.0
248.0	124.0
249.0	43.0
250.0	25.0
251.0	44.0
252.0	61.0
253.0	160.0
254.0	90.0
255.0	81.0
256.0	34.0
257.0	10.0
258.0	63.0
259.0	64.0
260.0	13.0
261.0	41.0
262.0	60.0
263.0	48.0
264.0	102.0
265.0	75.0
266.0	124.0
267.0	33.0
268.0	45.0
269.0	81.0
270.0	25.0
271.0	31.0
272.0	70.0
273.0	38.0
274.0	68.0
275.0	58.0
276.0	79.0
277.0	43.0
278.0	33.0
279.0	139.0
280.0	23.0
281.0	12.0
282.0	31.0
283.0	57.0
284.0	103.0
285.0	57.0
286.0	61.0
287.0	99.0
288.0	229.0
289.0	85.0
290.0	25.0
291.0	38.0
292.0	50.0
293.0	19.0
294.0	11.0
295.0	20.0
296.0	60.0
297.0	107.0
298.0	79.0
299.0	56.0
300.0	6.0
301.0	5.0
302.0	11.0
303.0	10.0
304.0	12.0
305.0	16.0
306.0	20.0
307.0	16.0
308.0	7.0
309.0	19.0
310.0	63.0
311.0	121.0
312.0	23.0
313.0	11.0
314.0	13.0
315.0	15.0
316.0	90.0
317.0	140.0
318.0	94.0
319.0	23.0
320.0	10.0
321.0	10.0
322.0	16.0
323.0	20.0
324.0	87.0
325.0	28.0
326.0	24.0
327.0	6.0
328.0	8.0
329.0	22.0
330.0	4.0
331.0	2.0
332.0	9.0
333.0	20.0
334.0	9.0
335.0	12.0
336.0	16.0
337.0	9.0
338.0	3.0
339.0	17.0
340.0	16.0
341.0	45.0
342.0	99.0
343.0	124.0
344.0	29.0
345.0	64.0
346.0	3.0
347.0	2.0
348.0	3.0
349.0	2.0
350.0	22.0
351.0	14.0
352.0	25.0
353.0	14.0
354.0	12.0
355.0	67.0
356.0	43.0
357.0	1.0
359.0	22.0
361.0	1.0
362.0	9.0
363.0	5.0
364.0	14.0
365.0	15.0
366.0	19.0
376.0	1.0
380.0	1.0
383.0	16.0
384.0	5.0
389.0	1.0
391.0	1.0
394.0	7.0
395.0	16.0
396.0	24.0
397.0	6.0
398.0	9.0
399.0	56.0
400.0	11.0
403.0	1.0
404.0	1.0
405.0	12.0
406.0	3.0
407.0	17.0
408.0	51.0
409.0	60.0
410.0	3.0
411.0	1.0
412.0	2.0
414.0	1.0
415.0	1.0
417.0	3.0
420.0	5.0
421.0	1.0
422.0	15.0
423.0	4.0
424.0	33.0
425.0	24.0
426.0	17.0
427.0	7.0
428.0	13.0
429.0	7.0
430.0	10.0
431.0	19.0
432.0	26.0
433.0	4.0
435.0	1.0
436.0	1.0
437.0	10.0
438.0	3.0
442.0	1.0
443.0	5.0
452.0	1.0
455.0	2.0
456.0	18.0
457.0	1.0
459.0	2.0
461.0	24.0
462.0	1.0
463.0	13.0
464.0	4.0
465.0	10.0
466.0	1.0
470.0	6.0
471.0	11.0
472.0	14.0
480.0	1.0
484.0	2.0
485.0	1.0
490.0	1.0
491.0	1.0
492.0	1.0
494.0	1.0
502.0	1.0
503.0	1.0
506.0	3.0
508.0	3.0
509.0	3.0
510.0	3.0
511.0	1.0
512.0	8.0
513.0	5.0
514.0	5.0
515.0	5.0
516.0	2.0
517.0	4.0
518.0	4.0
519.0	2.0
520.0	6.0
521.0	2.0
522.0	3.0
524.0	2.0
525.0	1.0
526.0	1.0
527.0	2.0
529.0	1.0
531.0	1.0
532.0	2.0
533.0	5.0
534.0	7.0
535.0	1.0
536.0	2.0
537.0	1.0
538.0	3.0
539.0	1.0
540.0	3.0
541.0	1.0
543.0	1.0
544.0	1.0
580.0	1.0
584.0	1.0
586.0	1.0
587.0	8.0
588.0	45.0
611.0	1.0
612.0	1.0
617.0	6.0
618.0	1.0
619.0	3.0
620.0	18.0
622.0	1.0
623.0	1.0
624.0	4.0
627.0	5.0
628.0	1.0
629.0	7.0
630.0	10.0
631.0	6.0
632.0	6.0
633.0	12.0
