# Position (bp)	A	C	G	T	N
0.0	25.208037734401962	25.31732944740576	22.828546228477204	26.646086589715072	0.0
1.0	27.307589063159103	23.00686428653603	22.51217548030832	27.173371169996546	0.0
2.0	25.73022079116835	22.840003066544003	24.463354799141367	26.966421343146273	0.0
3.0	25.875478927203066	23.295019157088124	22.35823754789272	28.47126436781609	0.0
4.0	26.09520160904128	22.440379274015896	22.53040896465856	28.934010152284262	0.0
5.0	23.850838887612046	27.554968206542558	20.93963073622922	27.65456216961618	0.0
6.0	28.004059669481624	21.066237720457288	24.13779896976312	26.791903640297964	0.0
7.0	27.406754997319442	22.8287508616068	24.749176686834648	25.015317454239106	0.0
8.0	24.758294564738765	22.01290371987058	21.77742040472498	31.45138131066567	0.0
9.0	31.299653502306796	23.450810728028028	22.162451901908607	23.087083867756572	0.0
10.0	27.91837359776408	19.66193192694973	24.252459895095523	28.167234580190666	0.0
11.0	28.80087292775374	22.544890692599257	21.377158390443736	27.277077989203264	0.0
12.0	27.136813491835603	24.65590842091158	19.960183005034555	28.247095082218266	0.0
13.0	24.980857580398165	23.399693721286372	22.789050535987748	28.830398162327718	0.0
14.0	26.992725880551298	20.604900459418072	21.200229709035224	31.202143950995403	0.0
15.0	27.283690658499232	22.915390505359877	22.681852986217457	27.11906584992343	0.0
16.0	29.209654881993757	19.570085944528454	23.471087035583714	27.749172137894075	0.0
17.0	26.14412862474878	21.88534788017992	22.936166140300507	29.03435735477079	0.0
18.0	27.102553305516214	22.602687287065038	23.335757761359723	26.95900164605903	0.0
19.0	22.857853738827536	21.5544795115696	25.102872782254202	30.484793967348654	0.0
20.0	26.117403949181078	19.950635236491657	24.592453696617174	29.339507117710088	0.0
21.0	24.863675499856498	27.821677987180713	20.41519181096336	26.899454701999424	0.0
22.0	28.842842383193663	23.931427696781846	18.28722305131443	28.93850686871006	0.0
23.0	29.36708376382352	22.282171966479165	20.95817548693223	27.392568782765085	0.0
24.0	26.501367923625857	23.635424438959994	18.190514454074115	31.67269318334003	0.0
25.0	24.821595974669496	24.27060016453347	22.078096003367197	28.82970785742983	0.0
26.0	28.558310376492198	22.335093357820632	22.43648607284971	26.670110192837466	0.0
27.0	26.947505356596263	27.634297520661157	20.58080808080808	24.837389041934497	0.0
28.0	30.606622921967364	21.770321198324183	18.51816425305607	29.104891626652385	0.0
29.0	24.42943775945517	27.639507967784517	22.346144280986362	25.58490999177396	0.0
30.0	32.47178113640712	21.13066768700976	20.246795484981824	26.1507556916013	0.0
31.0	24.579060156130414	25.107148323894073	20.76764120618399	29.546150313791518	0.0
32.0	35.44134249248962	18.71950402786016	20.914257285547542	24.92489619410268	0.0
33.0	22.73675347786984	26.278727109206066	22.33108172754932	28.653437685374765	0.0
34.0	35.62078995713411	19.89627985303123	18.857164727495405	25.62576546233925	0.0
35.0	25.15119038505703	25.097603919467197	23.445992497894817	26.30521319758095	0.0
36.0	26.92108939884017	27.927807230760397	20.978391930946046	24.172711439453387	0.0
37.0	28.242769919804005	19.49202825042586	19.086263326123987	33.178938503646144	0.0
38.0	29.55746114386341	18.77918995482735	23.348135671081845	28.315213230227393	0.0
39.0	26.927126203556597	22.311977182672614	22.14544132003599	28.615455293734804	0.0
40.0	29.419759940272222	20.39741945364397	23.496755173536	26.686065432547814	0.0
41.0	26.982425240264963	24.876517211011983	22.54661714592028	25.59444040280277	0.0
42.0	30.12712513401746	23.156302649716647	21.39493031092051	25.32164190534538	0.0
43.0	27.196140001531745	23.562073983303975	23.230834035383317	26.010951979780963	0.0
44.0	25.466314297751737	22.2873338695469	25.31502547014439	26.931326362556973	0.0
45.0	27.047265206067106	25.116822429906545	24.1573464072315	23.678565956794852	0.0
46.0	26.68824453211782	21.59957099628452	23.11449036656835	28.597694105029305	0.0
47.0	23.122007278299176	22.978356636659644	24.828576900976824	29.071059184064357	0.0
48.0	26.18422816863639	21.98938839619208	23.51408814909878	28.312295286072747	0.0
49.0	23.762357268756226	22.06107747720132	24.823741282856922	29.352823971185533	0.0
50.0	27.812907181727596	20.997164099026598	22.033800873764083	29.156127845481723	0.0
51.0	28.319313238929233	26.2517485197463	23.24333646310384	22.18560177822063	0.0
52.0	30.883621102657955	22.543740298564664	21.33070156947665	25.241937029300733	0.0
53.0	30.32870148538572	20.643986583612843	25.705797795879253	23.321514135122186	0.0
54.0	26.486486486486488	24.47958596894767	24.33007475560667	24.70385278895917	0.0
55.0	28.996453560816636	26.895427968944695	21.006421930413115	23.101696539825554	0.0
56.0	28.383249606933315	23.612762204241285	23.328987230126163	24.675000958699236	0.0
57.0	28.525677904345493	21.046676638668355	25.353814290645495	25.07383116634066	0.0
58.0	28.134709063710638	22.300640558474935	23.59710022630509	25.96755015150934	0.0
59.0	26.462860321052528	22.030647666903207	24.218944784334784	27.28754722770948	0.0
60.0	24.712786973282956	23.211032048946088	22.86580103185715	29.210379945913807	0.0
61.0	26.206235011990408	23.13093525179856	23.176978417266188	27.485851318944842	0.0
62.0	26.623177283192632	21.54451266308519	24.668073676132003	27.16423637759018	0.0
63.0	28.804973520607874	22.315603653388592	23.36902294880651	25.51039987719702	0.0
64.0	29.646119597758503	24.575880862823364	19.831887618024105	25.946111921394028	0.0
65.0	29.088536168742685	23.37293437997812	20.74160796883097	26.796921482448226	0.0
66.0	28.802303262955853	22.796545105566217	20.15163147792706	28.24952015355086	0.0
67.0	27.400810027448795	25.131965372286313	21.369752576923815	26.097472023341073	0.0
68.0	28.007295066231524	22.31906315991553	24.25225571126896	25.421386062583988	0.0
69.0	29.609711124769518	21.74823294406884	23.01782421634911	25.624231714812538	0.0
70.0	29.52362658470995	24.114483288513252	22.285824049174032	24.076066077602768	0.0
71.0	27.368259274201296	20.43494130981884	25.596987685628108	26.599811730351757	0.0
72.0	25.159468183215495	23.301567783584385	23.286197356286507	28.252766676913616	0.0
73.0	26.30324923620852	22.902215475664352	20.4081240512653	30.386411236861825	0.0
74.0	26.469514421321648	23.427682019945813	22.67058665283142	27.432216905901118	0.0
75.0	26.017025692269257	23.255635196679414	21.287880243663405	29.43945886738792	0.0
76.0	25.245517267887685	26.946360963234874	21.388349701151192	26.41977206772625	0.0
77.0	26.450223111247883	24.232574242191106	23.18625942452685	26.13094322203416	0.0
78.0	29.361751240718654	23.4601623514023	17.92405647674374	29.254029931135307	0.0
79.0	27.186333730906853	23.917894655842407	22.467392558962718	26.42837905428802	0.0
80.0	24.86196348525366	24.92929837049578	21.285519151965214	28.923218992285342	0.0
81.0	28.360621043923274	23.739346249302574	21.771168016622735	26.128864690151417	0.0
82.0	24.004618493216586	27.895699028192052	22.118733763109784	25.98094871548157	0.0
83.0	28.75976750452288	21.19019207821702	22.11593979752877	27.93410061973132	0.0
84.0	27.13782550955598	18.68083222664896	27.457320476547913	26.72402178724715	0.0
85.0	27.04226978749615	21.181090237141976	25.2040344933785	26.57260548198337	0.0
86.0	25.75273371322963	22.456876636377636	22.942014477129216	28.848375173263513	0.0
87.0	27.434105392864705	20.02733976395387	25.554977954908644	26.983576888272783	0.0
88.0	28.51448926542794	24.392028497159913	23.55636853759507	23.537113699817077	0.0
89.0	29.06356511524908	18.674779996533864	21.894436848895648	30.367218039321408	0.0
90.0	28.18320140213016	22.71913098746172	23.94214287090002	25.1555247395081	0.0
91.0	28.116874361986945	23.71193590015216	20.741924921512357	27.429264816348542	0.0
92.0	26.345494471626154	24.49628231305621	20.33362869360866	28.82459452170898	0.0
93.0	29.705831358723923	21.53383806276368	23.121231385694195	25.6390991928182	0.0
94.0	29.501753304304266	21.995298832414935	22.927825517321104	25.575122345959695	0.0
95.0	26.691975641717413	25.589686271486933	22.820473290680646	24.89786479611501	0.0
96.0	25.565301204819278	23.893975903614457	20.29301204819277	30.247710843373493	0.0
97.0	25.78810373083968	23.53224718017931	22.178733249783093	28.500915839197916	0.0
98.0	27.951556292667874	22.958691711343388	22.941335287538088	26.14841670845065	0.0
99.0	31.644226688785153	23.650707920219126	20.92126075382894	23.783804637166774	0.0
100.0	28.57087730807077	20.797237068050705	22.568446236662872	28.06343938721565	0.0
101.0	26.269371055831098	21.94260570855125	24.619333423393865	27.16868981222379	0.0
102.0	28.006716979675346	27.846513154085194	19.533285722557856	24.6134841436816	0.0
103.0	26.11817848387159	25.83248074435843	21.398374611508984	26.650966160260985	0.0
104.0	28.568670232279743	23.51566874553494	22.25869359541233	25.656967426772994	0.0
105.0	25.965047793762675	25.335521869267165	21.78816259534614	26.911267741624023	0.0
106.0	26.17378372636499	22.428877687003883	23.726751260212065	27.670587326419067	0.0
107.0	31.425921990611055	24.67592682031567	18.998126074609274	24.900025114464	0.0
108.0	27.096375299482183	22.59641394234485	24.088028441146918	26.219182317026046	0.0
109.0	29.267161410018556	24.63087507730365	21.550324675324674	24.551638837353124	0.0
110.0	30.066104839956704	22.065872893149837	21.799134065254368	26.06888820163909	0.0
111.0	28.618929786575936	23.828487472935354	23.65450046396536	23.898082276523354	0.0
112.0	24.87141807494489	24.647124792142	23.280095904714027	27.20136122819908	0.0
113.0	23.88126087797331	24.422742216205762	22.982015084122995	28.71398182169793	0.0
114.0	27.642370783039304	22.5607397090684	21.86822965026308	27.928659857629217	0.0
115.0	23.897144183886695	23.37473879730671	23.603049299589816	29.12506771921678	0.0
116.0	26.767051172872957	22.805217929859875	23.527134783618486	26.900596113648678	0.0
117.0	26.354126307632704	24.569934134056567	24.18829910887253	24.8876404494382	0.0
118.0	27.6168876482903	22.388927657594788	23.075133752035356	26.919050942079554	0.0
119.0	28.220192736509414	25.449363038799373	21.069164097492873	25.261280127198336	0.0
120.0	27.680909249597548	25.79956942531857	24.032661610969956	22.486859714113926	0.0
121.0	27.87864680322781	24.206626319056486	22.579143389199256	25.33558348851645	0.0
122.0	28.94343649946638	23.318133307460947	20.05239157853886	27.686038614533814	0.0
123.0	24.74326868945703	22.92042785316328	25.411061285500747	26.925242171878942	0.0
124.0	27.366458903710605	22.972369468554007	24.483019747189374	25.178151880546007	0.0
125.0	30.831828157470525	22.082386529161568	22.688341199091067	24.397444114276837	0.0
126.0	29.302072609312173	23.907849497873002	21.932363396204423	24.8577144966104	0.0
127.0	26.646979970081404	23.703689312843625	24.373943620927477	25.275387096147494	0.0
128.0	27.447093802833322	25.204531763151245	20.32103227812433	27.0273421558911	0.0
129.0	26.34801539478288	22.73646153248066	26.50157446643082	24.41394860630564	0.0
130.0	31.168704917076585	18.894484086092586	24.16541908891179	25.77139190791904	0.0
131.0	27.797981369479395	26.97924972287587	18.55467610509325	26.668092802551485	0.0
132.0	30.033844238699135	21.734225472652298	22.979071033999844	25.25285925464872	0.0
133.0	26.276775812759002	20.963442868538298	23.554932975349715	29.204848343352985	0.0
134.0	24.652122297257847	23.354027596675945	25.78284646673024	26.211003639335967	0.0
135.0	24.405770016936284	21.429266678346863	25.244797445930423	28.92016585878643	0.0
136.0	26.144109055501463	22.455696202531644	23.503407984420644	27.89678675754625	0.0
137.0	28.60538518489654	23.079920508124538	22.259673459844915	26.05502084713401	0.0
138.0	29.252986689014048	24.33786127730896	22.55851571787726	23.85063631579973	0.0
139.0	31.058213436269348	20.220688579560964	22.62837758802199	26.092720396147694	0.0
140.0	30.694980694980696	21.506571506571508	25.277875277875278	22.52057252057252	0.0
141.0	26.95136463840496	25.265806980237613	23.79874753701789	23.98408084433953	0.0
142.0	27.103022729047883	24.660235882215105	23.205498711239553	25.031242677497463	0.0
143.0	29.425556858147715	25.054708870652597	21.326690113325515	24.19304415787417	0.0
144.0	29.911237976069444	23.832798936419803	21.860092281223118	24.395870806287636	0.0
145.0	27.204803724059694	25.223463140806228	23.238210730142587	24.33352240499149	0.0
146.0	26.932409690423075	25.038158976165313	20.862197174278894	27.167234159132715	0.0
147.0	29.046910486334088	22.848304487430497	22.9109562221004	25.193828804135016	0.0
148.0	30.504358045245322	23.556948388992264	22.559984330623838	23.378709235138576	0.0
149.0	28.967017461343996	22.82321124110765	20.932055578419266	27.277715719129088	0.0
150.0	29.61184081552637	25.030386198784555	21.501666339933344	23.856106645755734	0.0
151.0	29.29915066397285	25.219199309546692	19.346423177262118	26.135226849218334	0.0
152.0	27.69949366094909	24.734073870549906	22.771519409663618	24.794913058837384	0.0
153.0	29.408876669285156	19.715239591516102	24.728986645718777	26.14689709347997	0.0
154.0	28.150244707824758	18.998761719441003	29.103524185781392	23.747469386952847	0.0
155.0	30.944279448498317	23.137895088802786	21.867317034793384	24.050508427905513	0.0
156.0	31.200314836678473	21.84573002754821	22.884691066509248	24.06926406926407	0.0
157.0	31.877694867200884	18.125258411923372	24.87251678446969	25.124529936406052	0.0
158.0	26.19418125947958	21.84095967853133	25.290050623436482	26.674808438552606	0.0
159.0	29.213815400386387	18.278594803453853	25.734337420652132	26.773252375507628	0.0
160.0	27.15876337505429	22.37730485252892	25.838038456982666	24.625893315434123	0.0
161.0	30.74216819843858	21.636525348354578	22.314457950390356	25.306848502816482	0.0
162.0	33.33267381583633	21.651299908986584	20.650152348541805	24.365873926635274	0.0
163.0	26.315372581635284	24.830194657319947	23.529178795619714	25.32525396542506	0.0
164.0	30.44038370065007	21.882432218170287	22.2867448866339	25.390439194545745	0.0
165.0	28.96109821658831	21.4743398996211	24.406356007855738	25.158205875934854	0.0
166.0	30.417427913257605	23.9971403606323	20.710540948447058	24.87489077766304	0.0
167.0	32.439630328927755	23.257477889297427	22.241876180065585	22.061015601709233	0.0
168.0	28.396976929196498	21.937151949085123	25.511137629276053	24.154733492442322	0.0
169.0	28.74604343758087	19.59867019688253	26.560229331316066	25.09505703422053	0.0
170.0	27.954097184866416	22.285976132129978	25.9119797581336	23.84794692487	0.0
171.0	28.595647924686357	23.6930809581746	20.956578973612302	26.754692143526736	0.0
172.0	26.365070175088345	24.139032522110643	21.130387909521055	28.365509393279964	0.0
173.0	29.92505246327571	25.16038772858999	21.275107424802638	23.63945238333167	0.0
174.0	26.71161618182546	23.336401104397584	22.848225361130005	27.10375735264695	0.0
175.0	27.991183248171524	23.947500250475905	19.485021540927765	28.576294960424807	0.0
176.0	31.80039727923915	20.411725756937336	22.558638816990708	25.2292381468328	0.0
177.0	31.4601325567383	19.43763807993573	21.841735288210483	27.26049407511548	0.0
178.0	29.19741790174352	18.370301848090577	25.19958976009009	27.23269049007581	0.0
179.0	27.947809278350515	19.462789948453608	24.36573775773196	28.223663015463917	0.0
180.0	30.301869290798734	21.261922526264847	19.75560081466395	28.68060736827247	0.0
181.0	29.073430810243156	20.78923984166734	24.222473543905	25.914855804184505	0.0
182.0	29.798806996259223	22.80659185117784	22.62460822970377	24.769992922859167	0.0
183.0	32.32673066796289	18.65556770770041	22.064244339125853	26.953457285210842	0.0
184.0	32.70225847689779	22.519835230616263	21.103467867940992	23.674438424544956	0.0
185.0	30.127071261563486	20.84375317678154	22.508894988309443	26.520280573345534	0.0
186.0	26.22286482303588	22.125605832281188	24.0459414328188	27.60558791186413	0.0
187.0	27.418137304906658	21.699479751096604	23.170458023054167	27.71192492094257	0.0
188.0	27.850792028615228	21.216147164026573	24.110373019928463	26.82268778742974	0.0
189.0	31.084209016981095	22.62233966283619	22.202421188471703	24.091030131711015	0.0
190.0	27.968066985449546	18.833500933773884	21.659449586471567	31.538982494305007	0.0
191.0	28.24812262112951	20.24071597572266	24.801975105441826	26.709186297705994	0.0
192.0	31.0333450188687	19.89359288969542	21.90419235765987	27.168869733776006	0.0
193.0	27.009154594862682	22.097084168543738	24.919923126201155	25.97383811039243	0.0
194.0	32.55023824321525	19.929562875492024	20.377045784130928	27.1431530971618	0.0
195.0	28.165680473372777	19.553617772241257	19.91072355444825	32.36997819993771	0.0
196.0	25.574664778878986	20.991921379195468	23.313483801116018	30.11993004080953	0.0
197.0	28.81494015165758	22.468718012993254	18.487184307827288	30.22915752752188	0.0
198.0	26.312151803292423	24.450215724877477	22.498219746156746	26.739412725673358	0.0
199.0	29.569124811019655	21.06710902066185	21.075508147152696	28.288258021165795	0.0
200.0	29.23578947368421	19.903157894736843	21.10105263157895	29.759999999999998	0.0
201.0	29.401207719268612	20.80570921836071	19.99704404374815	29.796039018622523	0.0
202.0	29.539054394545722	18.02282495924114	21.052743018060937	31.385377628152195	0.0
203.0	26.909423293582467	24.36069128244372	22.507068001615544	26.22281742235827	0.0
204.0	31.690817132247805	18.752000682899762	23.28261379884334	26.27456838600909	0.0
205.0	30.662155216720922	21.736337159499744	19.24575980812061	28.355747815658727	0.0
206.0	32.73672675705292	20.487312262306354	20.186502223845643	26.589458756795082	0.0
207.0	32.39548972683958	20.76407304400319	22.01237522368109	24.828062005476145	0.0
208.0	31.125397753100852	19.410351321514383	20.849838734116936	28.614412191267828	0.0
209.0	27.18878991961764	23.7062785140126	20.490984140777755	28.613947425592006	0.0
210.0	28.84451718494272	18.529187124931806	23.4151663938898	29.211129296235676	0.0
211.0	32.163909280157775	21.3410759285636	19.09061027719952	27.404404514079104	0.0
212.0	33.740589089948486	18.634702593228546	19.48223484348171	28.142473473341255	0.0
213.0	30.653077467279804	20.045542978422358	23.235762292182528	26.065617262115314	0.0
214.0	29.676702588601266	21.562048661259862	21.715364959448948	27.045883790689924	0.0
215.0	28.34485835378095	21.523533348204328	23.28797680124916	26.843631496765557	0.0
216.0	26.6355873321828	21.074926597485263	21.368536656431406	30.920949413900534	0.0
217.0	30.09866198134883	21.919628778663782	19.04086137766365	28.940847862323736	0.0
218.0	28.56690061127462	27.054561919855107	19.184967172288882	25.19357029658139	0.0
219.0	29.284900933728082	22.5324527442496	20.441812798906856	27.740833523115466	0.0
220.0	29.038021071919378	22.368300503893725	17.860742098030233	30.73293632615666	0.0
221.0	30.500772726224252	21.396443152722995	21.135792217378267	26.966991903674487	0.0
222.0	31.78424006307685	21.986457028894762	19.059876629098834	27.16942627892955	0.0
223.0	28.870165939272297	22.65269447102481	21.22435643102201	27.252783158680888	0.0
224.0	30.016435783047662	20.173749706503873	22.5264146513266	27.28339985912186	0.0
225.0	27.659410814552725	26.31079660538933	19.972822603389485	26.05696997666846	0.0
226.0	27.989890298989028	19.391266939126695	23.50236610023661	29.116476661647667	0.0
227.0	28.167437053199734	24.601647957279436	19.841520484625764	27.389394504895066	0.0
228.0	26.826560719815372	20.329525868364932	19.68099091466799	33.162922497151705	0.0
229.0	28.81789536080866	22.559510810220573	24.122547031479115	24.500046797491652	0.0
230.0	27.249193007127104	21.320591901307168	23.366039183099492	28.064175908466233	0.0
231.0	28.25687460322764	18.637441945938722	21.89515185940058	31.21053159143306	0.0
232.0	23.20239796451849	22.86082743717542	21.811717960335994	32.1250566379701	0.0
233.0	28.688168932600522	20.935782470350013	19.58706971362453	30.78897888342493	0.0
234.0	27.844991934301216	21.476756122598623	22.407977709341544	28.270274233758613	0.0
235.0	30.842077351414826	18.871926966930566	20.390923898632522	29.895071783022086	0.0
236.0	28.750675623503973	20.160605358659563	22.488610918075825	28.600108099760636	0.0
237.0	34.5604088477202	20.582128882855546	17.312145652000318	27.545316617423936	0.0
238.0	29.223594862145134	22.510840219258775	21.733616951648532	26.531947966947556	0.0
239.0	27.508726003490402	23.808900523560208	22.827225130890053	25.855148342059337	0.0
240.0	24.054537326776934	21.3589628967367	22.30219043361645	32.28430934286992	0.0
241.0	26.677219609851484	22.589506029144747	20.77377903999255	29.95949532101122	0.0
242.0	24.41034926382999	20.8414732929909	21.53714204031067	33.21103540286845	0.0
243.0	25.625726854426862	19.401324771198865	26.36395813318501	28.608990241189257	0.0
244.0	28.124355537224172	18.85440296968447	24.391627139616414	28.629614353474942	0.0
245.0	25.30767145567905	25.79560856600705	21.881268636486855	27.015451341827053	0.0
246.0	30.69066416386021	22.459007342792468	19.510848561806437	27.339479931540883	0.0
247.0	29.90050929764302	24.801610801847684	21.864266256070117	23.43361364443918	0.0
248.0	28.044699414365958	22.021035018525158	23.93330942990319	26.000956137205687	0.0
249.0	29.010217113665387	22.06896551724138	23.026819923371647	25.893997445721585	0.0
250.0	24.59650964440362	24.00603595328697	26.026768140663954	25.370686261645453	0.0
